470

1111888 881 118181888818 1811881818 8881 1881 181 881888
1818811 888888888 881 818 1811 188 1881 881818118188188,
8188 18188 111 888 8111181181 81888881811811 11818818 881818
181888188 8888881888 881 88811881 111118881188 1811 8111181
881 11181181 1811111881118 8118111188 8188 811818111188
881 118811811 8881 81181 8811111111 881 18111181881818818-
sicht, haben wir darauf mit (188 18888188 8888818 88811888
181188 188Ρ88881881811881 188 188181188 81118 1818 Gett-
weich 881 881888 88818818 111188 881 118888 118 888188
81188188 11 118881881 881 118 881 818 88111818 811118 88811-
88881111881 81888 (181 18118 8881 1188881181 18 1118111 188
111818 8188 81881811 188 8181 18818188188 8188 88888181
81 181 1818 (1811818 881 181 188 Κ188118 818818888, 188
(181 1818 11811818 8818 8881881 (181 118 1188 88888181 88811888
181188 188 Ρ88881 881888 88811188188 881 188 88 Μ8811818

181188 11818 111888 then 881188 188188181118, 1818181181
8181 881811 88888181181181111881, 881 1818881 188 818881
181818 881 188 881818 8181818 8118188 18 881881188818188
88881 an 1181818 (181 1888118 8181818 durch 81818881811818
88881811188881, 181 188811818188888 181 188 Μ8811818 11811

uber gemacht 181, 1811881811 188 118811888818 881 11881181188
881 181Τ11881 88118188 188 1818 818188 18181, 181181 181
111881 gemacht ist, 88888 Μ8811818 88118188 88118188 88-
8818111888818 188 1881 8111188188 18181, 181 88888 181188
Μ8811818 1811 8181 gemacht 181 8881 88118188, 1888 118
881818 11881188881 8118188 881188 888881 1811 188 Ρ88881,
8818 88811181888 881 118 1188 1818 8111881 88818811881 Got-
weig und 188 iren 18188 kain 111888 1188 881 181 8188888188
18181 8181 8118 888181888181. Denn 8181 118181181188188
Μ88118111 881 1818 wasser, 188 81188181188888811 181 Wcrd,
1818111881, 18188 11181881811, 188 88 188 18818181818, 88 88-
88881181 881 1818 18881 181188 81181818 181118181188 81181-
1811 188 1888 1888118 181 1811818, 8811881818881188 march·
81818 881118118 88118818811818188888 18818188888 81818888
turn, 1818181 188 18188 Κ188118 181 181Κ181818 888 dorstat
8881, 88 8111 18 188881188 1818 881 18 181181118811881881188
118 18811 8818181818, 88 1888118 gemacht und 88888818818, 88
yedcm derselbcn 81818181818 881 881811 werden 88 18181818
scyten 888 Μ8811818 18188 818 Ρ 881 188 81811811 181881188
18818181818 88888 Μ8811818 181, 188 8811111188 8888818 88811888

 

