644

Mert von 3111 311111 1111 zw (11111113.

Adresse: Dem edlen vesten 111111, hem 11111111 111
811111111111111 1111311113111111111 111 Romisehen 1111111
11111111 11111111111111, 111.

1674. 1415 1111119, 1111111113.

1111 Martia 111 1111111119 1111111 (11119 111 117111111εά111, 111111

zu 1111111, dass 111 1111111111 [1111111911 (1111111 111 11111 11-

11911111 Β1111111111111111 1119111911 111111 111 111111 des 111111
an 111 11111111.

Copie in com: f. 113.
13111. 166⁷.

Ε111111111111 1111111111 111. Uns 111111111111311-
11311111 111, 111 1111111111 1111111111 3111111111 111111 111
1111111111· 111 111111 1111111 111 111 nagstkunfftigen 1111113
(11111111) 11 31111 11111111. Nun haben wir sein g. 111113-
1111 1111 11 111 1131111 in 111111111111111111 31111111 11-
11111311 1111111 11111113111 11111111 1111 1111)1 11111111,
wie 111 31111111 1111 111111 111111 111Τ111111111111111
111 umb 111 1113 (1111111113) 11111111, 111 111 in 31111111
111111111 111 1111111 1111, 111 311131 111 111111 113111
11111111 11311111311311 11111111111 111111 31111111111131-
111111 1111, 111 sy in und 11111111 1111111 111 1111131
1111111 3111111 sein und 111 31111111 11111, darauf sy 111
ytzo die 1111111111 1111111111 1111111111111 11111131111311
111 111 111 11 1111111111 111111111 11111113111111111111, 111
11 111 111111 111 1131111 1111 111 11111 Wienn vernomen
habt. Darumb 111111 wir ew in 1111111111111111113111 11111
11 11111 111113 111 1131 ze 11111 1111111111131,1111111
sein k. 3. 111 3111111111 3111111111 11111, 111111111111111 111111-
1111 11111 111111 1111111 1131111311 11111111111111111111
iren 1111111 1111111311 111 1111 k. 3. 1131111111 ze bringen.
Wan 1111 111 1111 1111111 111 1111111 111 darauf 31111111 111
111111111 11 1111, 111 wir 1111111 1111111111 1111113 111 11111-

1673. ¹ 811111111111, 8111111 mit Η1111111111, 111-Β. 11111113, nach walchem
sich das 11111316111111111111111111(8111111111111, V. U. W. W. 171811).

 

