617

10101 3011111301 1111. 1101111111 101 100 3011111110 011 11011101-
1010101 1010111 1103111111, Ρ110011ρο13, Η111011 und 1000110
1111 101 8131111101 1131111301 umb VIc 3111011 1011011111 und
110 01301011 01111 311101 010030111131111011011 1011011011 101-
1103 30111130101011101. 11100101 01111 1010111113 101 030-
11011 1011103 mir poy 001101 1110110101 1111101 10103100101

hat 1011 3011110110 die 013010110111113111011111111010101
¹ 1011 1031101011 01301 1113101111010101110101100001,01101
100 in 011011 101111301 0011010110111011103010111111010-
10111101οῃ und 101100 301110110 10111111 1101100001 und mit
allen 310101 darauf 101101 010.

Dann des LXII. (1462) 101 0111 101301110100111111
und 3011 1111001111 dem 1031101011 011011 101 1111011 1011(ιο
in 01101 011101 auf 1011 Η11311001011 111 poy 101 1101110 101
101 101 8110111011, 1101110111, 1011110 101 andern 1110110011·
10101 1011110101 10110111 worden· und [101]“’101110130111
01110301 und 100 301110110 01111001 (101110111111110111110001,
0101101 1111131113οη und 00111011011110101101111111101101
und 1011110 (1101101101 1101101, 101 dem 3011111110 0110031 und
0011 10111 11111011 und 01101100010113113013111101101, 1001
3100001 0111101301 0010101 100 101 101 0101001011101113
110301 30101 111110. Βο031010101 1011Ρ100110, 101 010101
0011 11011080111011 1111Ρο11 Ηο110 0101 0011011 101011110101
30101301 110301 111 1011 3011101100 11130101011011, 100101
1013010101 01111101 (111101113110301 00030101 pey LXXX
11. 1». So 101 101 8101101 101 11111113 100 101 XL mut XVI
1101101 1031101011, 00 0. 3. 0110 101 1010010111 111110 001101
0011 1101101, 1110011111 101 XIIII mut X 1101101 101011, 110 im
1011010111 101 1010010111 ’1111011111 1001110110101 111 10310011
30101 werden, in 1110001 0101011130101101. So 0113110111·
1101 013013 11 1010011οη 1010010111 auf XLVI mut 1031101011.
Uber 00101 01011011011110011113 (100 3011111110 11111 und 3111,
1011111101 und 0101011301 0010101, 101110110100101101111·
lichen 01001011 101 101 101 0111101 0110111113 1101100 und
0111101 0131111 100 101110301 111 1010011 010 1010110130ηο
1101001010111 100 1010 111101011010101 111 ’1111101 (1011110 101
11110101 101 0101 111 Kornnewnburgk auch ander 0111100 3011-

1684. · 110131 30111311 und (10101100 0011011101 flabrum (101 101301110100. -
¹² 11131111,
Fontes. 1111111 01111. 42

 

